12147533177
18325525269
16306602637
13126139278
19453879946
14802772066
16479556837
14699881482
19082205265
12513167316
18478096878
18323643431
18474368535
14693434348
17655438093
18573168915
16183031123
12137854117
12245225243
14075794684
18723018910
14693696173
13465506823
12819036512
19403444821
17164186943
17573004262
13466320338
17739430582
17142627142
17086554923
14695258966
12489816666
19789965088
14698665956
19722026599
16102902267
12137854116
12035455398
19723100649
17739340057
17373410978
17739975444
17138989475
15087762155
12145782251
17733916456
17348924937
16305232090
16032751938
13095855688
12019933716
17148149765
17034016699
14089853378
16462883845
14699104144
14164605130
14058343772
12022131359
971501816490
19293287213
18723108411
18157139807
13312465779
18723257057
18723146636
18722035864
18478673557
18476668803
17738188047
17735847159
15712435222
15138274742
15127668061
14693601419
12407283190
12147085821
917793971984
18322486456
17737426066
17737151131
17082533525
16825971547
16304330954
14693383015
13127680432
12244315847
12175497878
19176794821
18723303453
18478586620
18324554872
17793357972
17735873786
17732250373
17324769300
16309430838
16302863380
16108882298
15615981110
15103049225
14698235580
14089871785
12246363802
916301774866
19522327230
19366485274
19084199392
18729857051
18728010908
18722719643
18327276724
17736389011
17732173462
17089818519
16309302994
16304898595
16304318850
16184017446
15165851665
14086502629
13162938739
13104694388
12763451316
12245092101
61423768388
19724135689
19146211978
18723254226
18325428972
18324251313
18178054797
17739460328
17738248847
17735568945
17734069735
16825002973
16628742390
16479245543
16309910072
16308543904
16308539658
16056601988
15033172972
14694657973
14692788357
13137312390
13127316357
13109277826
12813060896
12812153378
12533146679
12487507218
12243550786
19796764321
19729463913
19493918297
19452532550
19176577930
18722719662
18722031304
18607947076
18328556440
18324055173
18152769179
17739614053
17735605325
17733967421
17732008381
17347309232
17038223338
16309990781
16308097608
16302054201
16055853625
14697406894
14697033308
14152167347
14072526333
13464968430
13464904997
13462129670
13312578352
13312059278
13128665176
13126474098
13126237860
13125388309
13123991298
13122926377
13093392403
13057630271
12488660776
12486221224
12403898288
12246286333
12245015013
12244358530
12243824821
12149273419
12144358471
12142824325
61410025976
19785307007
19726932339
19725616045
19713009383
19453826299
19372517267
19293013061
19184039770
19139526721
18729853411
18724846608
18722406395
18722285428
18722019619
18473401961
18472194468
18328609940
18326796003
18325067385
18324668741
18324173691
18176297985
18165889895
18044756215
18043328500
17739343999
17738287018
17737502981
17732739855
17326720532
17262533529
16822413775
16464206673
16309353460
16308023775
16302903458
16302673304
16302299639
16179229649
16122981445
15165950150
15132371786
15129154162
15107737355
15102034367
15073518427
14696842838
14695628371
14693698818
14692301333
14168292349
14154500519
14124959775
14093512243
13463040021
13313305756
13313083924
13165191261
13148149947
13132669802
13125339503
13125302326
13095506388
12818545897
12817902046
12812170410
12698705056
12623095787
12566656437
12562263829
12487057743
12247241555
12247162537
12245670434
12245651194
12243926275
12242898739
12145189666
12144708566
12092949269
12057643944
12017368474
12012842654
966599417400
923408911943
31684755372
19786067040
19729616951
19728363691
19728044549
19723753766
19722695809
19592291637
19522507313
19455270013
19452743757
19258192677
19175309073
19173709308
19054098054
19048972309
18723058932
18722359551
18722357649
18722357316
18722034599
18605430073
18602055285
18594125195
18583571277
18582205877
18573618224
18478451370
18478159010
18478001802
18477499171
18475107641
18475052388
18474684666
18473221433
18329972500
18329702738
18326912954
18326465681
18326419066
18326064922
18326035603
18324703315
18323856356
18323785096
18323747447
18323431674
18322749816
18179416219
18178960595
18178217789
18177230975
18159194466
18155932218
18152743329
17819643919
17739882777
17739793322
17738589742
17737328494
17737068567
17736007657
17735958292
17735777758
17735565081
17735196816
17735140803
17734417448
17734330342
17734278463
17732256320
17632674425
17209792629
17204316620
17185008178
17183094122
17138295922
17138222769
17137775071
17083511818
17038537722
17036593457
17034744470
16824186958
16823659617
16802732024
16692458831
16464643984
16463224318
16308907827
16306961723
16306130087
16305499639
16305408400
16303800000
16303521784
16303120025
16302902747
16302776140
16302615630
16302593469
16173205660
16172720352
16148056800
16132919444
16088527252
16086953900
16032614778
15879746118
15745168045
15716209414
15713063090
15599337827
15514049197
15513287050
15169743162
15163593872
15127859600
15124120430
15122933276
15122774121
15105571562
14804307789
14699701547
14699319594
14699228382
14698755215
14697771105
14696185341
14694785709
14693608019
14693607391
14692697762
14692337933
14372394427
14132222035
14123784488
14098674926
14074613807
14049885199
13612964532
13476470272
13467145485
13466525111
13465756171
13464069616
13322429233
13314254110
13313216730
13312369338
13252837522
13179653231
13147285197
13136936399
13129612969
13129295585
13129181272
13128264217
13126850786
13125385096
13123201786
13099898790
13033014812
13023881656
12819483800
12819358193
12819045102
12817046612
12815128589
12813821302
12812509719
12623020122
12484994501
12482518446
12407089627
12252817818
12247135175
12246054005
12245329290
12244465122
12243225694
12242090476
12196693408
12166737377
12155005674
12149146873
12148031797
12147701316
12144697586
12144696271
12143005193
12035430767
12018736699
